Build this application via:

```
$ make -j
```

Then try these inputs:

./build/edge-impulse-standalone "1.84, 1.84, 1.41, 1.53, 1.48, 1.3, 0.39, 1.26, 1.26, 1.37, 1.58, 0.94, 1.56, 1.76, 0.62, 0.62, -0.62, 1.16, 0.25, -0.13, -0.88, -2, -2, -0.48, 0.43, -0.75, -0.12, -0.57, 0.29, 0.29, -0.73, -2.04, -2.27, -1.37, -0.36, -0.58, -0.58, 0.29, 0.24, -0.42, -1.09, -0.43, -0.43, 1.23, 0.09, 0.99, 1.24, 0.1, 0.73, 0.73, 0.7, 0.65, 1.77, 0.22, 1.55, 1.44, 1.44, 1.68, 1.33, 2.19, 1.79, 1.08, 1.51, 1.51, 1.39, 0.34, 0.69, 0.59, 0.91, 0.04, 0.04, -0.93, -1.39, 0.63, 0.73, 0.73, -0.79, -0.79, -2.1, -1.87, -1.62, 0.4, 1.11, -0.6, -0.6, -0.94, 0.43, -0.36, -0.2, -0.54, -0.58, -0.58, -0.95, -1, -1.19, -0.87, 0.25, 0.25, -0.51, -2.28, 0.86, 0.96, 0.58, 0.02, 0.02, -0.24, 0.12, 1.24, 1.63, 2.23, 0.93, 0.93, 0.79, 1.52, 1.57, 1.6, 1.47, 0.98, 0.98, 1.37, 1.46, 1.13, 1.14, 0.28, -0.52"
Features: 0.325760 -2.280000 2.230000 1.117394 1.068855 -0.500864 -0.502806
Output: [0.00000, 0.70703, 0.28906, 0.00000]

./build/edge-impulse-standalone "0.75, 0.88, 0.88, 1.44, 1.97, 2.26, 2.45, 2.17, 2.52, 2.52, 1.35, 0.2, -0.6, 0.39, 0.68, 0.3, 0.3, 0.66, -0.02, -0.64, -0.83, 0.05, 1.13, 0.85, 0.85, 0.23, 0.25, 0.35, 1.03, 2.47, 3.23, 3.23, 2.54, 1.93, 2.84, 3.19, 2.74, 3.05, 3.05, 2.85, 2.05, 1.34, 1.76, 2.84, 2.64, 1.75, 1.75, 1.86, 2.43, 2.29, 1.38, 0.94, 0.88, 0.88, 1.17, 1.62, 1.97, 1.78, 1.27, 0.38, 0.38, 0.44, 1.65, 2.48, 2.75, 2.86, 2.28, 1.02, 1.02, 0, 0.66, 1.05, 0.69, 0.19, 0.56, 0.56, 0, -0.57, -0.44, -0.15, 0.2, -0.14, -0.46, -0.46, 0.63, 1.1, 0.4, 0.79, 1.01, 1.13, 1.13, 1.35, 1.87, 2.26, 2.77, 2.74, 3.21, 3.21, 3.23, 3.37, 4.18, 5.04, 5.69, 5.1, 4.01, 4.01, 2.57, 1.96, 1.9, 1.99, 1.23, 0.4, 0.4, 0.27, 0.42, 0.76, 0.7, 0.65, 0.64, 0.64, 0.83, 0.9, 0.84, 0.56, -0.37"
Features: 1.444479 -0.830000 5.690000 1.929080 1.278604 0.734338 0.398845
Output: [0.00000, 0.08594, 0.90625, 0.00781]

./build/edge-impulse-standalone "0.07, 0.09, 0.06, 0.01, 0.01, 0.01, 0.04, 0.06, 0.07, 0.08, 0.05, 0.03, 0.03, 0.05, 0.08, 0.06, 0.05, 0.04, 0.02, 0.02, 0.02, 0.03, 0.06, 0.08, 0.05, 0.03, 0.03, 0.04, 0.06, 0.06, 0.05, 0.05, 0.04, 0.04, 0.04, 0.03, 0.04, 0.06, 0.06, 0.05, 0.05, 0.04, 0.05, 0.05, 0.05, 0.05, 0.04, 0.04, 0.04, 0.04, 0.05, 0.06, 0.05, 0.06, 0.06, 0.04, 0.05, 0.05, 0.04, 0.04, 0.04, 0.05, 0.04, 0.03, 0.04, 0.07, 0.07, 0.07, 0.04, 0.04, 0.05, 0.05, 0.04, 0.04, 0.04, 0.06, 0.06, 0.04, 0.04, 0.05, 0.06, 0.06, 0.07, 0.06, 0.04, 0.03, 0.03, 0.04, 0.04, 0.06, 0.06, 0.06, 0.04, 0.04, 0.05, 0.05, 0.05, 0.07, 0.05, 0.04, 0.03, 0.03, 0.03, 0.05, 0.06, 0.06, 0.05, 0.03, 0.03, 0.03, 0.04, 0.06, 0.06, 0.05, 0.03, 0.03, 0.04, 0.05, 0.04, 0.05, 0.06, 0.05, 0.05, 0.03, 0.03"
Features: 0.046640 0.010000 0.090000 0.048867 0.014585 0.099941 0.278783
Output: [0.98828, 0.00000, 0.01172, 0.00000]
